Base MNB 
Emotion
Confusion Matrix 

[[ 932   12    2    5   47    2    2    5    0    3    5    0    0    3
     0   46    0   12   39    0  900   10    0    2    0    0    0    7]
 [  37  371    7   15   11    1    1    2    0    0    5    0    0    2
     0    7    0   20    4    0  724    0    0    4    0    0    0    4]
 [  11    6  116   90    5    1    2   11    0    6   14   10    0    1
     1    2    0    1    1    0  750    3    0    2    0    0    4    2]
 [  22   32   36  121   37    5    8    8    0   15   33    5    1    1
     1   14    0    1    3    0 1283    2    0    5    0    0    6    1]
 [ 106   13    2   22  210   10    7    5    3    5   36    3    0    3
     0   14    0    6   20    0 1777   13    0    6    0    0    6    1]
 [  10    1    1    5   11   51    1    1    0    1    4    1    0    0
     0   15    0    2    6    0  592   20    0    0    0    1    6    0]
 [  14    4    2   12   21    1   43   26    1    1   12    0    0    0
     0    3    0    0    1    0  841    2    0    3    0    0    1    0]
 [  26    3    1   10   13    4   19  135    1    2    7    0    0    1
     0    7    0    0    5    0 1014    0    0    2    0    0    1    4]
 [  17    3    1    5   12    2    0    2   10    1    3    0    0    1
     0    4    0    5    2    0  322    9    0    1    0    0    1    0]
 [  17    9    3   16   15    1    2    2    0   35   16    3    0    1
     1    5    0    2    4    0  746    4    0    4    0    1   17    1]
 [  23   20    6   33   39    6   10    6    0    9  120    4    1    0
     0    5    0    1    2    0 1269    1    0    4    0    0    5    3]
 [   9    4   20   35   13    0    2    1    1    3   10   44    0    0
     0    1    0    0    1    0  394    2    0    2    0    0    0    2]
 [   5    1    5   11    5    0    4    0    0    1    5    1    3    1
     0    2    0    0    2    0  237    0    0    3    0    0    2    0]
 [  64    7    4    6   11    1    1    6    0    3    1    0    0   26
     0   14    0   42    8    0  387    4    0    1    0    0    0    7]
 [   9    5    0    6    4    0    0    1    0    5    1    5    0    0
    11    1    0    0    0    0  318    1    0    2    0    0    5    6]
 [  69    9    0    2   15    1    0    2    2    0    4    0    0    1
     0 1000    0   17    3    0  314    6    0    1    0    1    0    0]
 [   0    0    0    0    0    0    0    0    0    0    0    0    0    0
     0    2    0    1    0    0   66    0    0    1    0    0    4    0]
 [  74   56    2    6   14    3    2    0    0    0    0    0    0    6
     0   43    0  114   30    0  548    4    0    1    0    0    1    2]
 [  79    7    0    0   11    1    0    3    1    0    2    0    0    0
     0    7    0    6  345    0  465    1    0    2    0    1    1    1]
 [   2    0    1    0    5    1    2    0    0    1    2    0    0    0
     2    0    0    0    0    1  145    0    0    0    0    0    0    0]
 [ 325  112   88  174  246   42   47   58   13   61  145   20    2   27
     9   81    0   47   61    0 9349   51    1   30    1    1   28   42]
 [  33    3    0    4   18    8    1    0    1    1    9    0    0    1
     0   17    0    4    7    0  688  116    0    1    0    0    0    1]
 [  26    2    2    2    5    0    0    1    0    0    1    0    0    1
     0    3    0    3    0    0   99    3    0    1    0    0    0    0]
 [  16    5    3   12   24    4    1    4    1    1   18    0    0    0
     0    2    0    7    3    0  800    4    0   36    0    0    1    7]
 [  20    2    0    2    8    3    0    0    0    0    1    0    0    0
     0   10    0    5    1    0  122    1    0    0    0    0    0    0]
 [   2    1    0    6    5    1    1    1    0    2    2    0    0    0
     0   18    0    0    1    0  238    0    0    2    0   17   16    0]
 [   8    5    2    8   11    1    0    0    2   17    5    2    2    1
     0    8    0    3    5    0  618    2    0    1    0    8   51    3]
 [  42    5    8    9    6    0    6   11    0    2    5    0    0    6
     0    8    0    4    2    0  495    1    0    9    0    0    4   50]]

 Classification Report 

                precision    recall  f1-score   support

    admiration       0.47      0.46      0.46      2034
     amusement       0.53      0.31      0.39      1215
         anger       0.37      0.11      0.17      1039
     annoyance       0.20      0.07      0.11      1640
      approval       0.26      0.09      0.14      2268
        caring       0.34      0.07      0.12       729
     confusion       0.27      0.04      0.07       988
     curiosity       0.46      0.11      0.17      1255
        desire       0.28      0.02      0.05       401
disappointment       0.20      0.04      0.06       905
   disapproval       0.26      0.08      0.12      1567
       disgust       0.45      0.08      0.14       544
 embarrassment       0.33      0.01      0.02       288
    excitement       0.31      0.04      0.08       593
          fear       0.44      0.03      0.05       380
     gratitude       0.75      0.69      0.72      1447
         grief       0.00      0.00      0.00        74
           joy       0.38      0.13      0.19       906
          love       0.62      0.37      0.46       933
   nervousness       1.00      0.01      0.01       162
       neutral       0.37      0.85      0.51     11061
      optimism       0.45      0.13      0.20       913
         pride       0.00      0.00      0.00       149
   realization       0.29      0.04      0.07       949
        relief       0.00      0.00      0.00       175
       remorse       0.57      0.05      0.10       313
       sadness       0.32      0.07      0.11       763
      surprise       0.35      0.07      0.12       673

      accuracy                           0.39     34364
     macro avg       0.37      0.14      0.17     34364
  weighted avg       0.38      0.39      0.31     34364

Sentiment
Confusion Matrix 

[[ 902  649 1412  902]
 [ 288 4093 2079 1215]
 [ 587 1969 5429 3076]
 [ 302  943 2200 8318]]

 Classification Report 

              precision    recall  f1-score   support

   ambiguous       0.43      0.23      0.30      3865
    negative       0.53      0.53      0.53      7675
     neutral       0.49      0.49      0.49     11061
    positive       0.62      0.71      0.66     11763

    accuracy                           0.55     34364
   macro avg       0.52      0.49      0.50     34364
weighted avg       0.54      0.55      0.54     34364

Base DT
Emotion
Confusion Matrix 

[[1133   44   25   36  123   25   17   23   13   18   15    4    2   42
     5   61    1   45   90    2  244   19   13    6    5    0    5   18]
 [  62  703   26   53   44    4   14    7    9    7   16    7    6   16
     3    3    2   46    5    0  156    4    0   12    0    2    1    7]
 [  22   17  366  168   29    9   19   25    2   21   51   46    5    3
     4    1    0    1    1    1  211    7    0   12    1    1    9    7]
 [  47   82  209  392  121   37   44   40    6   59   76   36   20   11
    14   13    1    7   10    6  343   12    0   22    1    7   18    6]
 [ 203   58   47  132  599   75   50   37   32   46   76   13   10   26
     8   14    2   34   42    3  666   30    4   35    2    2   13    9]
 [  31   14   24   36   78  202    8   17   14   16   12    0    1    4
     5   19    1   11   12    2  176   20    0    3    5    6   11    1]
 [  21   17   25   66   62   21  263  127    8   22   32    7    8    5
     4    3    0    3    6    2  256    7    1   15    0    0    4    3]
 [  41   19   24   75   56   20  179  442    5   10   22    4    2   11
     1    6    0    3    7    0  292    5    0    5    0    2    3   21]
 [  22   13    5   28   39   10    2   11  102    7   13    3    1    9
     0    3    2    8    6    0   85   24    0    6    0    0    2    0]
 [  14   25   61  109   66   30   21   15    9  159   64   26   10    4
     4    6    4    8   10    7  169   12    1   10    1    8   43    9]
 [  43   41   85  183  147   31   40   19   12   73  390   30   11    8
     9    6    0    5    3    3  374    6    0   12    2    3   17   14]
 [  12   19   66   75   35    6    6    6    1   27   42  115    8    4
     9    0    0    2    1    2   95    0    0    4    0    3    5    1]
 [   5   10   15   36   15    1   12    3    1   14   19   10   60    2
     2    2    0    3    3    2   54    2    0    4    0    2    9    2]
 [  90   30    7   31   39   10    8   21   15    9    5    2    1  123
     0    9    0   32   12    1  109    8    2    4    0    0    1   24]
 [  13   12   15   27   19   11    7   10    6   11   13   17    2    0
   126    2    0    2    1    5   66    1    0    5    0    0    8    1]
 [ 104   15    9   22   42   13    7    4    3    8    9    0    0   13
     1 1072    1   21   13    2   38   19    3    3    6   15    4    0]
 [   4    1    4    1    3    3    1    1    1    7    4    1    1    0
     2    3   12    0    0    1   20    2    0    1    0    0    1    0]
 [ 110  129   13   24   67   19    8    5    8   10   11    0    1   50
     1   27    0  222   50    2  115    8    4    8    6    0    1    7]
 [ 130   21    7   16   48   13    9   13    9    6    9    3    5   21
     3   10    1   45  469    0   84    2    0    3    1    2    2    1]
 [   3    0    5   15   11   15    5    4    2   18    6    1    0    1
    11    0    0    1    1   20   35    0    0    4    0    2    2    0]
 [ 514  357  414  702 1076  258  371  384  158  276  509  137   57  146
    69   76   15  135  133   33 4788  109    9  125   12   18   82   98]
 [  65   22   13   41   76   48   16   16   49   16   31    4    4   21
     1   21    0   13   14    2  221  201    4    8    2    0    3    1]
 [  31    2    1    7   18    5    4    2    1    5    1    1    1    4
     0    3    0   10    0    0   45    3    4    0    0    0    1    0]
 [  36   29   22   76  140   18   31   15   12   35   45    6    6   11
    11    4    2   19    8    2  295    7    3   84    1    8    7   16]
 [  18    4    3    7   25   12    0    2    1    4    3    3    2    3
     1   14    1   14    4    1   34    5    1    1   10    0    2    0]
 [   3    7    5   16   16   12    7    3    4   22   12    2    6    1
     0   14    2    1    2    2   52    2    0    7    0   89   26    0]
 [  19   16   30   57   47   31    6    7    5   78   30   13    7    6
     8    5   14    5   10   10  161    3    0    8    1   34  151    1]
 [  51   16   33   35   33    6   29   37    5   17   23    1    9   33
     7    6    1   10    2    2  145    9    0   15    1    2    7  138]]

 Classification Report 

                precision    recall  f1-score   support

    admiration       0.40      0.56      0.46      2034
     amusement       0.41      0.58      0.48      1215
         anger       0.23      0.35      0.28      1039
     annoyance       0.16      0.24      0.19      1640
      approval       0.19      0.26      0.22      2268
        caring       0.21      0.28      0.24       729
     confusion       0.22      0.27      0.24       988
     curiosity       0.34      0.35      0.35      1255
        desire       0.21      0.25      0.23       401
disappointment       0.16      0.18      0.17       905
   disapproval       0.25      0.25      0.25      1567
       disgust       0.23      0.21      0.22       544
 embarrassment       0.24      0.21      0.22       288
    excitement       0.21      0.21      0.21       593
          fear       0.41      0.33      0.37       380
     gratitude       0.76      0.74      0.75      1447
         grief       0.19      0.16      0.18        74
           joy       0.31      0.25      0.28       906
          love       0.51      0.50      0.51       933
   nervousness       0.18      0.12      0.15       162
       neutral       0.51      0.43      0.47     11061
      optimism       0.38      0.22      0.28       913
         pride       0.08      0.03      0.04       149
   realization       0.20      0.09      0.12       949
        relief       0.18      0.06      0.09       175
       remorse       0.43      0.28      0.34       313
       sadness       0.34      0.20      0.25       763
      surprise       0.36      0.21      0.26       673

      accuracy                           0.36     34364
     macro avg       0.30      0.28      0.28     34364
  weighted avg       0.38      0.36      0.36     34364

Sentiment
Confusion Matrix 

[[1868  638  877  482]
 [ 823 4615 1492  745]
 [1551 2539 5253 1718]
 [ 871 1405 2559 6928]]

 Classification Report 

              precision    recall  f1-score   support

   ambiguous       0.37      0.48      0.42      3865
    negative       0.50      0.60      0.55      7675
     neutral       0.52      0.47      0.49     11061
    positive       0.70      0.59      0.64     11763

    accuracy                           0.54     34364
   macro avg       0.52      0.54      0.52     34364
weighted avg       0.56      0.54      0.55     34364

Base MLP
Emotion
Confusion Matrix 

[[1030   36   18   23   75   20    9   17   15    9   14    3    2   32
     4   41    1   52  113    0  422   33   16    4    4    1    5   35]
 [  40  655   20   27   31    7    8    7    4    3   10    6    5   13
     3    8    2   61   11    1  257    5    0   14    1    2    3   11]
 [  10   11  315  114   24    6   11   12    4   19   36   57    7    3
     8    2    0    5    2    3  346    8    0    9    1    1   10   15]
 [  23   48  142  222   82   20   25   34    8   52   66   48   20    6
    16   11    2    3   12    4  695   16    2   23    2   10   30   18]
 [ 132   42   28   58  368   55   36   25   27   36   62   17    6   20
    11   11    3   27   55    2 1095   39    6   46   12    5   23   21]
 [  24    8   13   13   39  153    4    8    7   13   10    3    4    2
     6   12    0   13   14    3  297   38    2    6    7    8   18    4]
 [  17   15   14   30   31   11  150   91    3   20   29    4    5    2
     3    5    0    2    8    2  490   12    0   17    0    2    7   18]
 [  20   16   21   24   36   15   54  346   10   14   15    5    3    7
     1    4    0   10   11    1  596    8    1    6    0    5    3   23]
 [  17    7    2   12   22    7    2    5  116    2    8    3    0    6
     1    4    0   10   10    0  135   27    0    3    0    1    1    0]
 [  12   15   30   47   27   17   17    8   11  116   52   19    7    1
     9    7    2    9   11    8  352   17    1   15    2   20   58   15]
 [  26   30   46   77   65   17   24   15    7   37  266   28   13    2
    10    6    1   11   10    3  773   16    2   24    4    4   28   22]
 [   3    7   49   39   24    2    6    4    1   21   31  134   14    1
    15    3    1    2    1    2  157    5    1    4    2    5    8    2]
 [   1    4    8   14    6    1    6    1    0    8   14   14   60    1
     6    3    0    1    3    0  108    3    0    5    0    5    8    8]
 [  72   21   13   17   22    4    3   12   10    7    4    2    1   90
     2    9    0   55   16    1  178   13    3    5    0    0    2   31]
 [   4   11   11    9    7    8    3    5    4    8    6   14    2    0
   147    2    1    3    1    6  106    3    0    2    0    1   13    3]
 [  84   16    6    8   20   13    5    1    2    7    5    2    0    5
     1 1077    0   39   15    2   77   22    3    2    6   20    5    4]
 [   1    0    1    0    0    0    0    0    1    4    1    3    0    0
     3    3    8    2    0    0   33    1    0    0    0    3   10    0]
 [  74  103    4   16   24   12    2    6    6    7    4    2    3   25
     1   18    0  270   60    2  219   13    3    5   13    1    3   10]
 [  66    9    4    4   22    6    2    5    6    4    6    3    2    7
     5    6    1   34  574    0  150    1    2    6    2    2    3    1]
 [   1    0    2    7    4   10    2    2    1   12    5    2    1    1
    14    0    0    1    0   22   60    0    0    4    1    2    6    2]
 [ 276  241  243  326  523  150  170  268  116  178  316  113   61   74
    69   69   13  124  161   27 6865  174   22  163   26   31  130  132]
 [  41   12    7   10   45   35    6    7   38    6   19    4    1   13
     4   16    1   13   20    2  313  269    3   13    5    2    3    5]
 [  24    1    2    2    4    5    2    3    0    2    2    2    1    1
     0    2    0    8    1    0   67    7   10    1    1    0    0    1]
 [  23   21   12   25   61   13   19   11   10   24   29   15    5    7
    14    4    0   12   13    4  460   13    3  105    1   10   15   20]
 [  11    3    0    4   15    7    0    2    2    4    2    2    0    1
     1   17    1   11    4    1   51    6    1    2   24    0    2    1]
 [   1    4    1    7    8    5    4    5    6   13    6    2    5    1
     0   11    0    2    2    0   64    5    0    4    0  120   37    0]
 [   6    7   15   21   23    9    1    2    5   49   17   19    5    4
     7    6    6    7    9    7  266    8    1    5    1   50  205    2]
 [  30   12   16   14   12    2   16   27    3    9   12    6    8   25
     2    5    0    9    1    1  225    6    0   15    2    0    6  209]]

 Classification Report 

                precision    recall  f1-score   support

    admiration       0.50      0.51      0.50      2034
     amusement       0.48      0.54      0.51      1215
         anger       0.30      0.30      0.30      1039
     annoyance       0.19      0.14      0.16      1640
      approval       0.23      0.16      0.19      2268
        caring       0.25      0.21      0.23       729
     confusion       0.26      0.15      0.19       988
     curiosity       0.37      0.28      0.32      1255
        desire       0.27      0.29      0.28       401
disappointment       0.17      0.13      0.15       905
   disapproval       0.25      0.17      0.20      1567
       disgust       0.25      0.25      0.25       544
 embarrassment       0.25      0.21      0.23       288
    excitement       0.26      0.15      0.19       593
          fear       0.40      0.39      0.40       380
     gratitude       0.79      0.74      0.77      1447
         grief       0.19      0.11      0.14        74
           joy       0.34      0.30      0.32       906
          love       0.50      0.62      0.55       933
   nervousness       0.21      0.14      0.17       162
       neutral       0.46      0.62      0.53     11061
      optimism       0.35      0.29      0.32       913
         pride       0.12      0.07      0.09       149
   realization       0.21      0.11      0.14       949
        relief       0.21      0.14      0.16       175
       remorse       0.39      0.38      0.38       313
       sadness       0.32      0.27      0.29       763
      surprise       0.34      0.31      0.33       673

      accuracy                           0.41     34364
     macro avg       0.32      0.28      0.30     34364
  weighted avg       0.38      0.41      0.39     34364

Sentiment 
Confusion Matrix 
 
[[1296  699 1194  676]
 [ 388 4485 1789 1013]
 [ 823 2230 5488 2520]
 [ 436 1161 2151 8015]]

 Classification Report 
 
              precision    recall  f1-score   support

   ambiguous       0.44      0.34      0.38      3865
    negative       0.52      0.58      0.55      7675
     neutral       0.52      0.50      0.51     11061
    positive       0.66      0.68      0.67     11763

    accuracy                           0.56     34364
   macro avg       0.53      0.52      0.53     34364
weighted avg       0.56      0.56      0.56     34364

Top MNB 
Emotion 
Confusion Matrix 
 
[[1048   21    2   12   62    6    4   13    3    5   12    0    1   12
     3   60    0   29   68    0  620   19    1    5    0    0    4   24]
 [  42  547   14   23   17    3    2    7    0    3   11    1    1    6
     0    9    0   29    5    0  474    1    0    7    0    0    3   10]
 [  15   11  203  117   17    4    6   12    2    9   32   25    0    2
     1    9    0    3    3    0  542    4    0    7    0    1   10    4]
 [  27   49   66  204   58   15   21   20    2   29   54   13    3    2
     2   19    0    6    6    1  994    5    0   17    0    0   19    8]
 [ 139   28   12   37  304   37   17   19    5   17   64   13    0    9
     2   31    0   18   29    0 1404   31    0   28    0    3   15    6]
 [  13    4    2   14   23  116    2    7    3    4    7    2    0    0
     0   24    0    4    9    0  443   37    0    0    0    4   10    1]
 [  18   11    6   24   29    6  105   55    1    8   31    1    1    0
     0    5    0    2    4    0  651    4    0   17    0    0    3    6]
 [  30    6    6   14   26    8   40  219    2    6   18    0    1    3
     1   10    0    1    9    0  829    4    0    6    0    1    2   13]
 [  22    3    2    6   18    9    0    3   31    1    6    0    0    2
     0    8    0    7    5    0  249   23    0    1    0    1    3    1]
 [  18   16    8   32   21   11    7    4    2   79   32    9    0    1
     1    9    0    3    7    0  576   12    0    9    0    6   33    9]
 [  32   30   19   60   62   12   19    8    1   23  198   15    4    1
     3    7    0    5    8    0 1010    7    0   12    0    1   20   10]
 [  13    5   24   50   19    0    2    1    1    7   20   91    2    1
     6    1    0    1    3    0  277    7    0    6    0    1    2    4]
 [   9    6    7   19    8    2    5    0    0    1    7    2   17    1
     1    2    0    0    3    1  175    2    0    8    0    2    9    1]
 [  76   15    4   11   20    2    3   10    0    3    2    0    0   58
     1   15    0   52   13    0  282    8    0    1    0    0    0   17]
 [  16    7    2   13    6    5    2    2    1    5    6    6    0    0
    38    1    0    1    0    0  246    3    0    2    0    1    8    9]
 [  78    9    2    7   19    2    1    2    3    1    4    0    0    2
     0 1094    0   26    9    0  163   11    0    2    0    5    6    1]
 [   1    0    1    0    0    1    0    1    0    2    1    0    0    0
     1    3    0    1    1    0   50    2    0    0    0    1    8    0]
 [  90   84    3    9   25    8    3    6    0    3    3    0    0   11
     0   48    0  185   47    0  359    8    0    6    0    0    3    5]
 [  95   12    1    5   12    1    0    6    2    1    4    0    0    5
     0   10    0   13  456    0  295    4    0    7    0    1    2    1]
 [   2    0    1    2    9    3    2    0    0    3    3    2    0    1
     4    2    0    0    0    2  119    1    0    1    0    0    3    2]
 [ 384  194  167  279  407  124  117  157   28  123  316   51   13   67
    31  109    0   82  113    0 7928  116    3   90    3    9   75   75]
 [  45    5    3    6   34   15    5    1    9    3   19    2    0    5
     1   20    0    6    8    0  519  197    0    3    0    1    0    6]
 [  27    1    2    2    8    1    1    3    0    2    1    0    0    1
     0    3    0    9    0    0   80    3    4    1    0    0    0    0]
 [  20   14    4   23   41   11   11    9    1   13   33    1    2    2
     3    5    0   10    4    0  624   10    0   77    0    2   13   16]
 [  20    2    1    4    9    4    1    0    0    0    3    0    0    1
     0   15    0   11    1    0   94    5    0    1    1    0    1    1]
 [   5    2    0    5    9    6    4    1    2   10    5    0    0    0
     0   21    0    0    3    0  161    2    0    6    0   41   30    0]
 [   4   13    4   21   15    8    0    1    2   37   10    7    2    1
     0   13    0    3    5    0  469    6    0    7    0   18  114    3]
 [  39    9   10   14   11    1    8   25    0    4    6    3    1   12
     0    9    0    6    1    0  380    4    0   14    0    0    6  110]] 

 Classification Report 
 
                precision    recall  f1-score   support

    admiration       0.45      0.52      0.48      2034
     amusement       0.50      0.45      0.47      1215
         anger       0.35      0.20      0.25      1039
     annoyance       0.20      0.12      0.15      1640
      approval       0.24      0.13      0.17      2268
        caring       0.28      0.16      0.20       729
     confusion       0.27      0.11      0.15       988
     curiosity       0.37      0.17      0.24      1255
        desire       0.31      0.08      0.12       401
disappointment       0.20      0.09      0.12       905
   disapproval       0.22      0.13      0.16      1567
       disgust       0.37      0.17      0.23       544
 embarrassment       0.35      0.06      0.10       288
    excitement       0.28      0.10      0.15       593
          fear       0.38      0.10      0.16       380
     gratitude       0.70      0.76      0.73      1447
         grief       0.00      0.00      0.00        74
           joy       0.36      0.20      0.26       906
          love       0.56      0.49      0.52       933
   nervousness       0.50      0.01      0.02       162
       neutral       0.40      0.72      0.51     11061
      optimism       0.37      0.22      0.27       913
         pride       0.50      0.03      0.05       149
   realization       0.23      0.08      0.12       949
        relief       0.25      0.01      0.01       175
       remorse       0.41      0.13      0.20       313
       sadness       0.28      0.15      0.20       763
      surprise       0.32      0.16      0.22       673

      accuracy                           0.39     34364
     macro avg       0.34      0.20      0.22     34364
  weighted avg       0.36      0.39      0.35     34364
 
Sentiment
Confusion Matrix 

[[1018  656 1317  874]
 [ 343 4136 2000 1196]
 [ 686 2027 5313 3035]
 [ 357  975 2163 8268]]

 Classification Report 

              precision    recall  f1-score   support

   ambiguous       0.42      0.26      0.32      3865
    negative       0.53      0.54      0.53      7675
     neutral       0.49      0.48      0.49     11061
    positive       0.62      0.70      0.66     11763

    accuracy                           0.55     34364
   macro avg       0.52      0.50      0.50     34364
weighted avg       0.54      0.55      0.54     34364
/nTop DT 
Emotion 
Confusion Matrix 

[[  479    11     0     0     0     0     0     0     0     0     0     0
      0     0     0     9     0     1    86     0  1440     8     0     0
      0     0     0     0]
 [   25   416     0     0     0     0     0     0     0     0     0     0
      0     0     0     6     0     0     4     0   759     5     0     0
      0     0     0     0]
 [   20     9     0     1     0     0     0     0     0     0     0     0
      0     0     0     3     0     0     4     0   991     5     0     0
      0     6     0     0]
 [   42    34     0     3     0     0     0     0     0     0     0     0
      0     0     0    15     0     0    14     0  1517     9     0     0
      0     6     0     0]
 [  101    17     0     0     0     0     0     0     0     0     0     0
      0     0     0    10     0     0    32     0  2095     9     0     0
      0     4     0     0]
 [   40     5     0     0     0     2     0     0     0     0     0     0
      0     0     0     6     0     0    15     0   636    12     0     0
      0    13     0     0]
 [   13     7     0     0     0     0     0     0     0     0     0     0
      0     0     0     1     0     0     8     0   956     0     0     0
      0     3     0     0]
 [   20    11     0     0     0     0     0     0     0     0     0     0
      0     0     0     6     0     0    13     0  1197     3     0     0
      0     5     0     0]
 [   19     2     0     0     0     0     0     1     0     0     0     0
      0     0     0     3     0     0     4     0   349    23     0     0
      0     0     0     0]
 [   23     8     0     1     0     1     0     0     0     0     1     0
      0     0     0     3     0     0     6     0   836     9     0     0
      0    17     0     0]
 [   56    22     0     1     1     0     0     0     0     0     0     0
      0     0     0     5     0     0    17     0  1456     5     0     0
      0     4     0     0]
 [    6     4     0     0     0     0     0     0     0     0     0     0
      0     0     0     1     0     0     3     0   528     1     0     0
      0     1     0     0]
 [    2     3     0     0     0     0     0     0     0     0     0     0
      0     0     0     0     0     0     2     0   266     5     0     0
      0    10     0     0]
 [   33     4     0     0     0     0     0     0     0     0     0     0
      0     0     0     1     0     1    16     0   530     7     0     0
      0     1     0     0]
 [    4     9     0     0     0     0     0     0     0     0     0     0
      0     0     0     0     0     0     3     0   359     3     0     0
      0     2     0     0]
 [   73     8     2     4     1     2     0     0     0     1     1     0
      0     0     1  1061     0     0    15     0   241     5     0     0
      3    29     0     0]
 [    0     0     0     0     0     0     0     0     0     0     0     0
      0     0     0     1     0     0     1     0    65     1     0     0
      0     6     0     0]
 [   55    36     0     0     0     0     0     0     0     0     0     0
      0     0     0     8     0     0    38     0   764     4     0     0
      0     1     0     0]
 [    9     9     0     2     1     0     0     0     0     0     0     0
      0     0     0     2     0     0   548     0   357     3     0     0
      0     2     0     0]
 [    3     0     0     0     0     0     0     0     0     0     0     0
      0     0     0     0     0     0     1     0   157     1     0     0
      0     0     0     0]
 [  271   127     0     0     0     0     0     0     0     0     1     0
      0     0     1    52     0     0   139     0 10378    57     0     0
      0    35     0     0]
 [   72     3     0     0     0     1     0     0     0     0     0     0
      0     0     0     5     0     0    19     0   624   187     0     0
      0     2     0     0]
 [   13     2     0     0     0     0     0     0     0     0     0     0
      0     0     0     1     0     0     0     0   131     2     0     0
      0     0     0     0]
 [   22    10     0     0     0     0     0     0     0     0     0     0
      0     0     0     4     0     0     8     0   890     5     0     0
      0    10     0     0]
 [   17     3     0     0     0     0     0     0     0     0     0     0
      0     0     0    11     0     0     0     0   142     2     0     0
      0     0     0     0]
 [    1     2     0     0     0     1     0     0     0     0     0     0
      0     0     0     4     0     0     1     0   140     2     0     0
      1   161     0     0]
 [   17     4     0     0     0     0     0     0     0     0     1     0
      0     0     0     0     0     0     7     0   657     7     0     0
      0    70     0     0]
 [   15     5     0     0     0     0     0     0     0     0     0     0
      0     0     0     3     0     0     2     0   644     2     0     0
      0     2     0     0]]

 Classification Report 

                precision    recall  f1-score   support

    admiration       0.33      0.24      0.27      2034
     amusement       0.54      0.34      0.42      1215
         anger       0.00      0.00      0.00      1039
     annoyance       0.25      0.00      0.00      1640
      approval       0.00      0.00      0.00      2268
        caring       0.29      0.00      0.01       729
     confusion       0.00      0.00      0.00       988
     curiosity       0.00      0.00      0.00      1255
        desire       0.00      0.00      0.00       401
disappointment       0.00      0.00      0.00       905
   disapproval       0.00      0.00      0.00      1567
       disgust       0.00      0.00      0.00       544
 embarrassment       0.00      0.00      0.00       288
    excitement       0.00      0.00      0.00       593
          fear       0.00      0.00      0.00       380
     gratitude       0.87      0.73      0.80      1447
         grief       0.00      0.00      0.00        74
           joy       0.00      0.00      0.00       906
          love       0.54      0.59      0.57       933
   nervousness       0.00      0.00      0.00       162
       neutral       0.36      0.94      0.52     11061
      optimism       0.49      0.20      0.29       913
         pride       0.00      0.00      0.00       149
   realization       0.00      0.00      0.00       949
        relief       0.00      0.00      0.00       175
       remorse       0.41      0.51      0.46       313
       sadness       0.00      0.00      0.00       763
      surprise       0.00      0.00      0.00       673

      accuracy                           0.39     34364
     macro avg       0.15      0.13      0.12     34364
  weighted avg       0.24      0.39      0.26     34364

Sentiment
Confusion Matrix 

[[    8    20  3697   140]
 [    1   302  7017   355]
 [    3    45 10435   578]
 [    6    81  8305  3371]]

 Classification Report 

              precision    recall  f1-score   support

   ambiguous       0.44      0.00      0.00      3865
    negative       0.67      0.04      0.07      7675
     neutral       0.35      0.94      0.52     11061
    positive       0.76      0.29      0.42     11763

    accuracy                           0.41     34364
   macro avg       0.56      0.32      0.25     34364
weighted avg       0.57      0.41      0.33     34364

Top MLP
Emotion
Confusion Matrix 

[[1027   29    6    1    9    0    1    5    5    0    3    4    0    0
     1   49    0   38   85    0  710   18    0    0    0    0    6   37]
 [  38  720    7    1    0    0    0    1    0    0    2    0    0    0
     0    4    0   20    6    0  394    5    0    0    0    1    3   13]
 [   8   12  254   29    2    1    1    5    1    3   17   20    0    0
     0    6    0    2    1    0  650    6    0    0    0    4   10    7]
 [  17   50  136   36   11    3    3   10    2    4   29   31    0    1
     2   16    0    4    8    0 1227    9    0    2    0    3   17   19]
 [ 131   29   11    5  110    6    4    8    3    4   17    6    0    1
     2   17    0   21   36    0 1814   23    0    3    0    4    6    7]
 [  17    5    5    3    3   30    0    2    2    0    5    1    0    0
     1   24    0   11   14    0  546   34    0    0    0   12   12    2]
 [  14   14   10    2    8    1   41   29    1    0   17    2    0    0
     0    2    0    5    9    0  822    1    0    0    0    2    2    6]
 [  25   13   14    0    5    3    5  140    0    0    4    0    0    0
     0    6    0    5    6    0  994    6    0    0    0    5    2   22]
 [  15    8    0    0    1    2    0    2   67    0    1    1    0    0
     0    5    0    7    5    0  261   26    0    0    0    0    0    0]
 [  15   15   25    7    7    3    6    0    6   19    9   12    0    0
     2    5    0    5    5    0  679   12    0    4    0   13   51    5]
 [  29   29   36   10   12    2    6    4    2    6   75   12    0    0
     0    8    0    2    8    0 1296    5    0    1    0    3   10   11]
 [   5    6   38   12    3    0    0    0    0    4   12   99    0    0
     2    2    0    0    3    0  345    3    0    1    0    1    5    3]
 [   4    6    6    5    2    0    2    2    0    2    9   10    3    0
     0    0    0    0    3    0  199    6    0    2    0    8   16    3]
 [  74   20    9    0    5    0    2    5    1    0    3    1    0   15
     0   16    0   51   19    0  326   10    0    0    0    1    1   34]
 [   5    9    7    2    0    1    7    5    0    1   10   15    0    0
    39    1    0    0    1    0  248    9    0    0    0    2    9    9]
 [  80   11    3    1    2    1    0    1    3    0    0    1    0    0
     0 1136    0   46    7    0  112   15    0    0    0   27    1    0]
 [   0    0    1    0    0    0    0    0    0    0    2    0    0    0
     0    2    0    1    1    0   53    2    0    0    0    5    7    0]
 [  85  108    3    0    4    2    1    0    1    0    0    2    0    0
     0   29    0  216   52    0  380    6    0    1    0    1    5   10]
 [  64    9    0    0    4    1    1    5    1    1    1    1    0    0
     1    4    0    9  557    0  266    3    0    0    0    3    1    1]
 [   0    0    4    2    2    3    0    1    0    1    4    2    0    0
     4    0    0    0    1    0  123    2    0    0    0    0   12    1]
 [ 284  212  139   24   46   18   39   71   31   10   89   49    1    0
     6   84    0   66  115    0 9516   90    0    9    0   28   62   72]
 [  46    5    2    1    6    7    1    1   19    1    5    0    0    1
     0   24    0   12   16    0  511  247    0    1    0    2    0    5]
 [  24    2    2    0    0    1    0    0    0    0    1    0    0    0
     0    6    0    7    0    0  102    3    0    0    0    0    1    0]
 [  25   17    7    2    6    1    5    3    1    1   17    5    0    0
     2    4    0    7    5    0  769    7    0   20    0    8   12   25]
 [  15    3    2    1    1    3    0    0    0    0    1    0    0    0
     0   15    0   23    0    0  103    3    0    0    0    0    5    0]
 [   2    7    1    0    1    2    2    1    4    0    2    0    0    0
     0    3    0    1    1    0  121    4    0    1    0  138   21    1]
 [   4   10    7    2    6    1    0    0    2    5    5   11    1    0
     3    3    0    5    6    0  467    9    0    0    0   55  156    5]
 [  34   10   10    6    2    0    2   12    2    1    3    2    0    1
     0    3    0    4    3    0  387    3    0    2    0    1    2  183]]

 Classification Report 

                precision    recall  f1-score   support

    admiration       0.49      0.50      0.50      2034
     amusement       0.53      0.59      0.56      1215
         anger       0.34      0.24      0.28      1039
     annoyance       0.24      0.02      0.04      1640
      approval       0.43      0.05      0.09      2268
        caring       0.33      0.04      0.07       729
     confusion       0.32      0.04      0.07       988
     curiosity       0.45      0.11      0.18      1255
        desire       0.44      0.17      0.24       401
disappointment       0.30      0.02      0.04       905
   disapproval       0.22      0.05      0.08      1567
       disgust       0.34      0.18      0.24       544
 embarrassment       0.60      0.01      0.02       288
    excitement       0.79      0.03      0.05       593
          fear       0.60      0.10      0.18       380
     gratitude       0.77      0.79      0.78      1447
         grief       0.00      0.00      0.00        74
           joy       0.38      0.24      0.29       906
          love       0.57      0.60      0.58       933
   nervousness       0.00      0.00      0.00       162
       neutral       0.41      0.86      0.55     11061
      optimism       0.44      0.27      0.33       913
         pride       0.00      0.00      0.00       149
   realization       0.43      0.02      0.04       949
        relief       0.00      0.00      0.00       175
       remorse       0.42      0.44      0.43       313
       sadness       0.36      0.20      0.26       763
      surprise       0.38      0.27      0.32       673

      accuracy                           0.43     34364
     macro avg       0.38      0.21      0.22     34364
  weighted avg       0.42      0.43      0.35     34364

Sentiment
Confusion Matrix 

[[ 762  622 1935  546]
 [ 171 4235 2445  824]
 [ 375 1902 6763 2021]
 [ 188  980 2883 7712]]

 Classification Report 

              precision    recall  f1-score   support

   ambiguous       0.51      0.20      0.28      3865
    negative       0.55      0.55      0.55      7675
     neutral       0.48      0.61      0.54     11061
    positive       0.69      0.66      0.67     11763

    accuracy                           0.57     34364
   macro avg       0.56      0.50      0.51     34364
weighted avg       0.57      0.57      0.56     34364


 =====2.6===== 
Base MNB 
Emotion 
Confusion Matrix 

[[ 932   12    2    5   47    2    2    5    0    3    5    0    0    3
     0   46    0   12   39    0  900   10    0    2    0    0    0    7]
 [  37  371    7   15   11    1    1    2    0    0    5    0    0    2
     0    7    0   20    4    0  724    0    0    4    0    0    0    4]
 [  11    6  116   90    5    1    2   11    0    6   14   10    0    1
     1    2    0    1    1    0  750    3    0    2    0    0    4    2]
 [  22   32   36  121   37    5    8    8    0   15   33    5    1    1
     1   14    0    1    3    0 1283    2    0    5    0    0    6    1]
 [ 106   13    2   22  210   10    7    5    3    5   36    3    0    3
     0   14    0    6   20    0 1777   13    0    6    0    0    6    1]
 [  10    1    1    5   11   51    1    1    0    1    4    1    0    0
     0   15    0    2    6    0  592   20    0    0    0    1    6    0]
 [  14    4    2   12   21    1   43   26    1    1   12    0    0    0
     0    3    0    0    1    0  841    2    0    3    0    0    1    0]
 [  26    3    1   10   13    4   19  135    1    2    7    0    0    1
     0    7    0    0    5    0 1014    0    0    2    0    0    1    4]
 [  17    3    1    5   12    2    0    2   10    1    3    0    0    1
     0    4    0    5    2    0  322    9    0    1    0    0    1    0]
 [  17    9    3   16   15    1    2    2    0   35   16    3    0    1
     1    5    0    2    4    0  746    4    0    4    0    1   17    1]
 [  23   20    6   33   39    6   10    6    0    9  120    4    1    0
     0    5    0    1    2    0 1269    1    0    4    0    0    5    3]
 [   9    4   20   35   13    0    2    1    1    3   10   44    0    0
     0    1    0    0    1    0  394    2    0    2    0    0    0    2]
 [   5    1    5   11    5    0    4    0    0    1    5    1    3    1
     0    2    0    0    2    0  237    0    0    3    0    0    2    0]
 [  64    7    4    6   11    1    1    6    0    3    1    0    0   26
     0   14    0   42    8    0  387    4    0    1    0    0    0    7]
 [   9    5    0    6    4    0    0    1    0    5    1    5    0    0
    11    1    0    0    0    0  318    1    0    2    0    0    5    6]
 [  69    9    0    2   15    1    0    2    2    0    4    0    0    1
     0 1000    0   17    3    0  314    6    0    1    0    1    0    0]
 [   0    0    0    0    0    0    0    0    0    0    0    0    0    0
     0    2    0    1    0    0   66    0    0    1    0    0    4    0]
 [  74   56    2    6   14    3    2    0    0    0    0    0    0    6
     0   43    0  114   30    0  548    4    0    1    0    0    1    2]
 [  79    7    0    0   11    1    0    3    1    0    2    0    0    0
     0    7    0    6  345    0  465    1    0    2    0    1    1    1]
 [   2    0    1    0    5    1    2    0    0    1    2    0    0    0
     2    0    0    0    0    1  145    0    0    0    0    0    0    0]
 [ 325  112   88  174  246   42   47   58   13   61  145   20    2   27
     9   81    0   47   61    0 9349   51    1   30    1    1   28   42]
 [  33    3    0    4   18    8    1    0    1    1    9    0    0    1
     0   17    0    4    7    0  688  116    0    1    0    0    0    1]
 [  26    2    2    2    5    0    0    1    0    0    1    0    0    1
     0    3    0    3    0    0   99    3    0    1    0    0    0    0]
 [  16    5    3   12   24    4    1    4    1    1   18    0    0    0
     0    2    0    7    3    0  800    4    0   36    0    0    1    7]
 [  20    2    0    2    8    3    0    0    0    0    1    0    0    0
     0   10    0    5    1    0  122    1    0    0    0    0    0    0]
 [   2    1    0    6    5    1    1    1    0    2    2    0    0    0
     0   18    0    0    1    0  238    0    0    2    0   17   16    0]
 [   8    5    2    8   11    1    0    0    2   17    5    2    2    1
     0    8    0    3    5    0  618    2    0    1    0    8   51    3]
 [  42    5    8    9    6    0    6   11    0    2    5    0    0    6
     0    8    0    4    2    0  495    1    0    9    0    0    4   50]]

 Classification Report 
                precision    recall  f1-score   support

    admiration       0.47      0.46      0.46      2034
     amusement       0.53      0.31      0.39      1215
         anger       0.37      0.11      0.17      1039
     annoyance       0.20      0.07      0.11      1640
      approval       0.26      0.09      0.14      2268
        caring       0.34      0.07      0.12       729
     confusion       0.27      0.04      0.07       988
     curiosity       0.46      0.11      0.17      1255
        desire       0.28      0.02      0.05       401
disappointment       0.20      0.04      0.06       905
   disapproval       0.26      0.08      0.12      1567
       disgust       0.45      0.08      0.14       544
 embarrassment       0.33      0.01      0.02       288
    excitement       0.31      0.04      0.08       593
          fear       0.44      0.03      0.05       380
     gratitude       0.75      0.69      0.72      1447
         grief       0.00      0.00      0.00        74
           joy       0.38      0.13      0.19       906
          love       0.62      0.37      0.46       933
   nervousness       1.00      0.01      0.01       162
       neutral       0.37      0.85      0.51     11061
      optimism       0.45      0.13      0.20       913
         pride       0.00      0.00      0.00       149
   realization       0.29      0.04      0.07       949
        relief       0.00      0.00      0.00       175
       remorse       0.57      0.05      0.10       313
       sadness       0.32      0.07      0.11       763
      surprise       0.35      0.07      0.12       673

      accuracy                           0.39     34364
     macro avg       0.37      0.14      0.17     34364
  weighted avg       0.38      0.39      0.31     34364
 
Sentiment 
Confusion Matrix 

[[ 902  649 1412  902]
 [ 288 4093 2079 1215]
 [ 587 1969 5429 3076]
 [ 302  943 2200 8318]] 

 Classification Report 

              precision    recall  f1-score   support

   ambiguous       0.43      0.23      0.30      3865
    negative       0.53      0.53      0.53      7675
     neutral       0.49      0.49      0.49     11061
    positive       0.62      0.71      0.66     11763

    accuracy                           0.55     34364
   macro avg       0.52      0.49      0.50     34364
weighted avg       0.54      0.55      0.54     34364
 
Base DT 
Emotion 
Confusion Matrix 

[[1133   44   25   36  123   25   17   23   13   18   15    4    2   42
     5   61    1   45   90    2  244   19   13    6    5    0    5   18]
 [  62  703   26   53   44    4   14    7    9    7   16    7    6   16
     3    3    2   46    5    0  156    4    0   12    0    2    1    7]
 [  22   17  366  168   29    9   19   25    2   21   51   46    5    3
     4    1    0    1    1    1  211    7    0   12    1    1    9    7]
 [  47   82  209  392  121   37   44   40    6   59   76   36   20   11
    14   13    1    7   10    6  343   12    0   22    1    7   18    6]
 [ 203   58   47  132  599   75   50   37   32   46   76   13   10   26
     8   14    2   34   42    3  666   30    4   35    2    2   13    9]
 [  31   14   24   36   78  202    8   17   14   16   12    0    1    4
     5   19    1   11   12    2  176   20    0    3    5    6   11    1]
 [  21   17   25   66   62   21  263  127    8   22   32    7    8    5
     4    3    0    3    6    2  256    7    1   15    0    0    4    3]
 [  41   19   24   75   56   20  179  442    5   10   22    4    2   11
     1    6    0    3    7    0  292    5    0    5    0    2    3   21]
 [  22   13    5   28   39   10    2   11  102    7   13    3    1    9
     0    3    2    8    6    0   85   24    0    6    0    0    2    0]
 [  14   25   61  109   66   30   21   15    9  159   64   26   10    4
     4    6    4    8   10    7  169   12    1   10    1    8   43    9]
 [  43   41   85  183  147   31   40   19   12   73  390   30   11    8
     9    6    0    5    3    3  374    6    0   12    2    3   17   14]
 [  12   19   66   75   35    6    6    6    1   27   42  115    8    4
     9    0    0    2    1    2   95    0    0    4    0    3    5    1]
 [   5   10   15   36   15    1   12    3    1   14   19   10   60    2
     2    2    0    3    3    2   54    2    0    4    0    2    9    2]
 [  90   30    7   31   39   10    8   21   15    9    5    2    1  123
     0    9    0   32   12    1  109    8    2    4    0    0    1   24]
 [  13   12   15   27   19   11    7   10    6   11   13   17    2    0
   126    2    0    2    1    5   66    1    0    5    0    0    8    1]
 [ 104   15    9   22   42   13    7    4    3    8    9    0    0   13
     1 1072    1   21   13    2   38   19    3    3    6   15    4    0]
 [   4    1    4    1    3    3    1    1    1    7    4    1    1    0
     2    3   12    0    0    1   20    2    0    1    0    0    1    0]
 [ 110  129   13   24   67   19    8    5    8   10   11    0    1   50
     1   27    0  222   50    2  115    8    4    8    6    0    1    7]
 [ 130   21    7   16   48   13    9   13    9    6    9    3    5   21
     3   10    1   45  469    0   84    2    0    3    1    2    2    1]
 [   3    0    5   15   11   15    5    4    2   18    6    1    0    1
    11    0    0    1    1   20   35    0    0    4    0    2    2    0]
 [ 514  357  414  702 1076  258  371  384  158  276  509  137   57  146
    69   76   15  135  133   33 4788  109    9  125   12   18   82   98]
 [  65   22   13   41   76   48   16   16   49   16   31    4    4   21
     1   21    0   13   14    2  221  201    4    8    2    0    3    1]
 [  31    2    1    7   18    5    4    2    1    5    1    1    1    4
     0    3    0   10    0    0   45    3    4    0    0    0    1    0]
 [  36   29   22   76  140   18   31   15   12   35   45    6    6   11
    11    4    2   19    8    2  295    7    3   84    1    8    7   16]
 [  18    4    3    7   25   12    0    2    1    4    3    3    2    3
     1   14    1   14    4    1   34    5    1    1   10    0    2    0]
 [   3    7    5   16   16   12    7    3    4   22   12    2    6    1
     0   14    2    1    2    2   52    2    0    7    0   89   26    0]
 [  19   16   30   57   47   31    6    7    5   78   30   13    7    6
     8    5   14    5   10   10  161    3    0    8    1   34  151    1]
 [  51   16   33   35   33    6   29   37    5   17   23    1    9   33
     7    6    1   10    2    2  145    9    0   15    1    2    7  138]] 

 Classification Report 

                precision    recall  f1-score   support

    admiration       0.40      0.56      0.46      2034
     amusement       0.41      0.58      0.48      1215
         anger       0.23      0.35      0.28      1039
     annoyance       0.16      0.24      0.19      1640
      approval       0.19      0.26      0.22      2268
        caring       0.21      0.28      0.24       729
     confusion       0.22      0.27      0.24       988
     curiosity       0.34      0.35      0.35      1255
        desire       0.21      0.25      0.23       401
disappointment       0.16      0.18      0.17       905
   disapproval       0.25      0.25      0.25      1567
       disgust       0.23      0.21      0.22       544
 embarrassment       0.24      0.21      0.22       288
    excitement       0.21      0.21      0.21       593
          fear       0.41      0.33      0.37       380
     gratitude       0.76      0.74      0.75      1447
         grief       0.19      0.16      0.18        74
           joy       0.31      0.25      0.28       906
          love       0.51      0.50      0.51       933
   nervousness       0.18      0.12      0.15       162
       neutral       0.51      0.43      0.47     11061
      optimism       0.38      0.22      0.28       913
         pride       0.08      0.03      0.04       149
   realization       0.20      0.09      0.12       949
        relief       0.18      0.06      0.09       175
       remorse       0.43      0.28      0.34       313
       sadness       0.34      0.20      0.25       763
      surprise       0.36      0.21      0.26       673

      accuracy                           0.36     34364
     macro avg       0.30      0.28      0.28     34364
  weighted avg       0.38      0.36      0.36     34364
 
Sentiment 
Confusion Matrix 
 
[[1868  638  877  482]
 [ 823 4615 1492  745]
 [1551 2539 5253 1718]
 [ 871 1405 2559 6928]] 

 Classification Report 
 
              precision    recall  f1-score   support

   ambiguous       0.37      0.48      0.42      3865
    negative       0.50      0.60      0.55      7675
     neutral       0.52      0.47      0.49     11061
    positive       0.70      0.59      0.64     11763

    accuracy                           0.54     34364
   macro avg       0.52      0.54      0.52     34364
weighted avg       0.56      0.54      0.55     34364
 
Base MLP 
Emotion 
Confusion Matrix 
 
[[1030   36   18   23   75   20    9   17   15    9   14    3    2   32
     4   41    1   52  113    0  422   33   16    4    4    1    5   35]
 [  40  655   20   27   31    7    8    7    4    3   10    6    5   13
     3    8    2   61   11    1  257    5    0   14    1    2    3   11]
 [  10   11  315  114   24    6   11   12    4   19   36   57    7    3
     8    2    0    5    2    3  346    8    0    9    1    1   10   15]
 [  23   48  142  222   82   20   25   34    8   52   66   48   20    6
    16   11    2    3   12    4  695   16    2   23    2   10   30   18]
 [ 132   42   28   58  368   55   36   25   27   36   62   17    6   20
    11   11    3   27   55    2 1095   39    6   46   12    5   23   21]
 [  24    8   13   13   39  153    4    8    7   13   10    3    4    2
     6   12    0   13   14    3  297   38    2    6    7    8   18    4]
 [  17   15   14   30   31   11  150   91    3   20   29    4    5    2
     3    5    0    2    8    2  490   12    0   17    0    2    7   18]
 [  20   16   21   24   36   15   54  346   10   14   15    5    3    7
     1    4    0   10   11    1  596    8    1    6    0    5    3   23]
 [  17    7    2   12   22    7    2    5  116    2    8    3    0    6
     1    4    0   10   10    0  135   27    0    3    0    1    1    0]
 [  12   15   30   47   27   17   17    8   11  116   52   19    7    1
     9    7    2    9   11    8  352   17    1   15    2   20   58   15]
 [  26   30   46   77   65   17   24   15    7   37  266   28   13    2
    10    6    1   11   10    3  773   16    2   24    4    4   28   22]
 [   3    7   49   39   24    2    6    4    1   21   31  134   14    1
    15    3    1    2    1    2  157    5    1    4    2    5    8    2]
 [   1    4    8   14    6    1    6    1    0    8   14   14   60    1
     6    3    0    1    3    0  108    3    0    5    0    5    8    8]
 [  72   21   13   17   22    4    3   12   10    7    4    2    1   90
     2    9    0   55   16    1  178   13    3    5    0    0    2   31]
 [   4   11   11    9    7    8    3    5    4    8    6   14    2    0
   147    2    1    3    1    6  106    3    0    2    0    1   13    3]
 [  84   16    6    8   20   13    5    1    2    7    5    2    0    5
     1 1077    0   39   15    2   77   22    3    2    6   20    5    4]
 [   1    0    1    0    0    0    0    0    1    4    1    3    0    0
     3    3    8    2    0    0   33    1    0    0    0    3   10    0]
 [  74  103    4   16   24   12    2    6    6    7    4    2    3   25
     1   18    0  270   60    2  219   13    3    5   13    1    3   10]
 [  66    9    4    4   22    6    2    5    6    4    6    3    2    7
     5    6    1   34  574    0  150    1    2    6    2    2    3    1]
 [   1    0    2    7    4   10    2    2    1   12    5    2    1    1
    14    0    0    1    0   22   60    0    0    4    1    2    6    2]
 [ 276  241  243  326  523  150  170  268  116  178  316  113   61   74
    69   69   13  124  161   27 6865  174   22  163   26   31  130  132]
 [  41   12    7   10   45   35    6    7   38    6   19    4    1   13
     4   16    1   13   20    2  313  269    3   13    5    2    3    5]
 [  24    1    2    2    4    5    2    3    0    2    2    2    1    1
     0    2    0    8    1    0   67    7   10    1    1    0    0    1]
 [  23   21   12   25   61   13   19   11   10   24   29   15    5    7
    14    4    0   12   13    4  460   13    3  105    1   10   15   20]
 [  11    3    0    4   15    7    0    2    2    4    2    2    0    1
     1   17    1   11    4    1   51    6    1    2   24    0    2    1]
 [   1    4    1    7    8    5    4    5    6   13    6    2    5    1
     0   11    0    2    2    0   64    5    0    4    0  120   37    0]
 [   6    7   15   21   23    9    1    2    5   49   17   19    5    4
     7    6    6    7    9    7  266    8    1    5    1   50  205    2]
 [  30   12   16   14   12    2   16   27    3    9   12    6    8   25
     2    5    0    9    1    1  225    6    0   15    2    0    6  209]] 

 Classification Report 
 
                precision    recall  f1-score   support

    admiration       0.50      0.51      0.50      2034
     amusement       0.48      0.54      0.51      1215
         anger       0.30      0.30      0.30      1039
     annoyance       0.19      0.14      0.16      1640
      approval       0.23      0.16      0.19      2268
        caring       0.25      0.21      0.23       729
     confusion       0.26      0.15      0.19       988
     curiosity       0.37      0.28      0.32      1255
        desire       0.27      0.29      0.28       401
disappointment       0.17      0.13      0.15       905
   disapproval       0.25      0.17      0.20      1567
       disgust       0.25      0.25      0.25       544
 embarrassment       0.25      0.21      0.23       288
    excitement       0.26      0.15      0.19       593
          fear       0.40      0.39      0.40       380
     gratitude       0.79      0.74      0.77      1447
         grief       0.19      0.11      0.14        74
           joy       0.34      0.30      0.32       906
          love       0.50      0.62      0.55       933
   nervousness       0.21      0.14      0.17       162
       neutral       0.46      0.62      0.53     11061
      optimism       0.35      0.29      0.32       913
         pride       0.12      0.07      0.09       149
   realization       0.21      0.11      0.14       949
        relief       0.21      0.14      0.16       175
       remorse       0.39      0.38      0.38       313
       sadness       0.32      0.27      0.29       763
      surprise       0.34      0.31      0.33       673

      accuracy                           0.41     34364
     macro avg       0.32      0.28      0.30     34364
  weighted avg       0.38      0.41      0.39     34364
 
Sentiment 
Confusion Matrix 
 
[[1296  699 1194  676]
 [ 388 4485 1789 1013]
 [ 823 2230 5488 2520]
 [ 436 1161 2151 8015]] 

 Classification Report 
 
              precision    recall  f1-score   support

   ambiguous       0.44      0.34      0.38      3865
    negative       0.52      0.58      0.55      7675
     neutral       0.52      0.50      0.51     11061
    positive       0.66      0.68      0.67     11763

    accuracy                           0.56     34364
   macro avg       0.53      0.52      0.53     34364
weighted avg       0.56      0.56      0.56     34364
 
Top MNB 
Emotion 
Confusion Matrix 
 
[[1048   21    2   12   62    6    4   13    3    5   12    0    1   12
     3   60    0   29   68    0  620   19    1    5    0    0    4   24]
 [  42  547   14   23   17    3    2    7    0    3   11    1    1    6
     0    9    0   29    5    0  474    1    0    7    0    0    3   10]
 [  15   11  203  117   17    4    6   12    2    9   32   25    0    2
     1    9    0    3    3    0  542    4    0    7    0    1   10    4]
 [  27   49   66  204   58   15   21   20    2   29   54   13    3    2
     2   19    0    6    6    1  994    5    0   17    0    0   19    8]
 [ 139   28   12   37  304   37   17   19    5   17   64   13    0    9
     2   31    0   18   29    0 1404   31    0   28    0    3   15    6]
 [  13    4    2   14   23  116    2    7    3    4    7    2    0    0
     0   24    0    4    9    0  443   37    0    0    0    4   10    1]
 [  18   11    6   24   29    6  105   55    1    8   31    1    1    0
     0    5    0    2    4    0  651    4    0   17    0    0    3    6]
 [  30    6    6   14   26    8   40  219    2    6   18    0    1    3
     1   10    0    1    9    0  829    4    0    6    0    1    2   13]
 [  22    3    2    6   18    9    0    3   31    1    6    0    0    2
     0    8    0    7    5    0  249   23    0    1    0    1    3    1]
 [  18   16    8   32   21   11    7    4    2   79   32    9    0    1
     1    9    0    3    7    0  576   12    0    9    0    6   33    9]
 [  32   30   19   60   62   12   19    8    1   23  198   15    4    1
     3    7    0    5    8    0 1010    7    0   12    0    1   20   10]
 [  13    5   24   50   19    0    2    1    1    7   20   91    2    1
     6    1    0    1    3    0  277    7    0    6    0    1    2    4]
 [   9    6    7   19    8    2    5    0    0    1    7    2   17    1
     1    2    0    0    3    1  175    2    0    8    0    2    9    1]
 [  76   15    4   11   20    2    3   10    0    3    2    0    0   58
     1   15    0   52   13    0  282    8    0    1    0    0    0   17]
 [  16    7    2   13    6    5    2    2    1    5    6    6    0    0
    38    1    0    1    0    0  246    3    0    2    0    1    8    9]
 [  78    9    2    7   19    2    1    2    3    1    4    0    0    2
     0 1094    0   26    9    0  163   11    0    2    0    5    6    1]
 [   1    0    1    0    0    1    0    1    0    2    1    0    0    0
     1    3    0    1    1    0   50    2    0    0    0    1    8    0]
 [  90   84    3    9   25    8    3    6    0    3    3    0    0   11
     0   48    0  185   47    0  359    8    0    6    0    0    3    5]
 [  95   12    1    5   12    1    0    6    2    1    4    0    0    5
     0   10    0   13  456    0  295    4    0    7    0    1    2    1]
 [   2    0    1    2    9    3    2    0    0    3    3    2    0    1
     4    2    0    0    0    2  119    1    0    1    0    0    3    2]
 [ 384  194  167  279  407  124  117  157   28  123  316   51   13   67
    31  109    0   82  113    0 7928  116    3   90    3    9   75   75]
 [  45    5    3    6   34   15    5    1    9    3   19    2    0    5
     1   20    0    6    8    0  519  197    0    3    0    1    0    6]
 [  27    1    2    2    8    1    1    3    0    2    1    0    0    1
     0    3    0    9    0    0   80    3    4    1    0    0    0    0]
 [  20   14    4   23   41   11   11    9    1   13   33    1    2    2
     3    5    0   10    4    0  624   10    0   77    0    2   13   16]
 [  20    2    1    4    9    4    1    0    0    0    3    0    0    1
     0   15    0   11    1    0   94    5    0    1    1    0    1    1]
 [   5    2    0    5    9    6    4    1    2   10    5    0    0    0
     0   21    0    0    3    0  161    2    0    6    0   41   30    0]
 [   4   13    4   21   15    8    0    1    2   37   10    7    2    1
     0   13    0    3    5    0  469    6    0    7    0   18  114    3]
 [  39    9   10   14   11    1    8   25    0    4    6    3    1   12
     0    9    0    6    1    0  380    4    0   14    0    0    6  110]] 

 Classification Report 
 
                precision    recall  f1-score   support

    admiration       0.45      0.52      0.48      2034
     amusement       0.50      0.45      0.47      1215
         anger       0.35      0.20      0.25      1039
     annoyance       0.20      0.12      0.15      1640
      approval       0.24      0.13      0.17      2268
        caring       0.28      0.16      0.20       729
     confusion       0.27      0.11      0.15       988
     curiosity       0.37      0.17      0.24      1255
        desire       0.31      0.08      0.12       401
disappointment       0.20      0.09      0.12       905
   disapproval       0.22      0.13      0.16      1567
       disgust       0.37      0.17      0.23       544
 embarrassment       0.35      0.06      0.10       288
    excitement       0.28      0.10      0.15       593
          fear       0.38      0.10      0.16       380
     gratitude       0.70      0.76      0.73      1447
         grief       0.00      0.00      0.00        74
           joy       0.36      0.20      0.26       906
          love       0.56      0.49      0.52       933
   nervousness       0.50      0.01      0.02       162
       neutral       0.40      0.72      0.51     11061
      optimism       0.37      0.22      0.27       913
         pride       0.50      0.03      0.05       149
   realization       0.23      0.08      0.12       949
        relief       0.25      0.01      0.01       175
       remorse       0.41      0.13      0.20       313
       sadness       0.28      0.15      0.20       763
      surprise       0.32      0.16      0.22       673

      accuracy                           0.39     34364
     macro avg       0.34      0.20      0.22     34364
  weighted avg       0.36      0.39      0.35     34364
 
Sentiment 
Confusion Matrix 
 
[[1018  656 1317  874]
 [ 343 4136 2000 1196]
 [ 686 2027 5313 3035]
 [ 357  975 2163 8268]] 

 Classification Report 
 
              precision    recall  f1-score   support

   ambiguous       0.42      0.26      0.32      3865
    negative       0.53      0.54      0.53      7675
     neutral       0.49      0.48      0.49     11061
    positive       0.62      0.70      0.66     11763

    accuracy                           0.55     34364
   macro avg       0.52      0.50      0.50     34364
weighted avg       0.54      0.55      0.54     34364
 
Top DT 
Emotion 
Confusion Matrix 
 
[[  479    11     0     0     0     0     0     0     0     0     0     0
      0     0     0     9     0     1    86     0  1440     8     0     0
      0     0     0     0]
 [   25   416     0     0     0     0     0     0     0     0     0     0
      0     0     0     6     0     0     4     0   759     5     0     0
      0     0     0     0]
 [   20     9     0     1     0     0     0     0     0     0     0     0
      0     0     0     3     0     0     4     0   991     5     0     0
      0     6     0     0]
 [   42    34     0     3     0     0     0     0     0     0     0     0
      0     0     0    15     0     0    14     0  1517     9     0     0
      0     6     0     0]
 [  101    17     0     0     0     0     0     0     0     0     0     0
      0     0     0    10     0     0    32     0  2095     9     0     0
      0     4     0     0]
 [   40     5     0     0     0     2     0     0     0     0     0     0
      0     0     0     6     0     0    15     0   636    12     0     0
      0    13     0     0]
 [   13     7     0     0     0     0     0     0     0     0     0     0
      0     0     0     1     0     0     8     0   956     0     0     0
      0     3     0     0]
 [   20    11     0     0     0     0     0     0     0     0     0     0
      0     0     0     6     0     0    13     0  1197     3     0     0
      0     5     0     0]
 [   19     2     0     0     0     0     0     1     0     0     0     0
      0     0     0     3     0     0     4     0   349    23     0     0
      0     0     0     0]
 [   23     8     0     1     0     1     0     0     0     0     1     0
      0     0     0     3     0     0     6     0   836     9     0     0
      0    17     0     0]
 [   56    22     0     1     1     0     0     0     0     0     0     0
      0     0     0     5     0     0    17     0  1456     5     0     0
      0     4     0     0]
 [    6     4     0     0     0     0     0     0     0     0     0     0
      0     0     0     1     0     0     3     0   528     1     0     0
      0     1     0     0]
 [    2     3     0     0     0     0     0     0     0     0     0     0
      0     0     0     0     0     0     2     0   266     5     0     0
      0    10     0     0]
 [   33     4     0     0     0     0     0     0     0     0     0     0
      0     0     0     1     0     1    16     0   530     7     0     0
      0     1     0     0]
 [    4     9     0     0     0     0     0     0     0     0     0     0
      0     0     0     0     0     0     3     0   359     3     0     0
      0     2     0     0]
 [   73     8     2     4     1     2     0     0     0     1     1     0
      0     0     1  1061     0     0    15     0   241     5     0     0
      3    29     0     0]
 [    0     0     0     0     0     0     0     0     0     0     0     0
      0     0     0     1     0     0     1     0    65     1     0     0
      0     6     0     0]
 [   55    36     0     0     0     0     0     0     0     0     0     0
      0     0     0     8     0     0    38     0   764     4     0     0
      0     1     0     0]
 [    9     9     0     2     1     0     0     0     0     0     0     0
      0     0     0     2     0     0   548     0   357     3     0     0
      0     2     0     0]
 [    3     0     0     0     0     0     0     0     0     0     0     0
      0     0     0     0     0     0     1     0   157     1     0     0
      0     0     0     0]
 [  271   127     0     0     0     0     0     0     0     0     1     0
      0     0     1    52     0     0   139     0 10378    57     0     0
      0    35     0     0]
 [   72     3     0     0     0     1     0     0     0     0     0     0
      0     0     0     5     0     0    19     0   624   187     0     0
      0     2     0     0]
 [   13     2     0     0     0     0     0     0     0     0     0     0
      0     0     0     1     0     0     0     0   131     2     0     0
      0     0     0     0]
 [   22    10     0     0     0     0     0     0     0     0     0     0
      0     0     0     4     0     0     8     0   890     5     0     0
      0    10     0     0]
 [   17     3     0     0     0     0     0     0     0     0     0     0
      0     0     0    11     0     0     0     0   142     2     0     0
      0     0     0     0]
 [    1     2     0     0     0     1     0     0     0     0     0     0
      0     0     0     4     0     0     1     0   140     2     0     0
      1   161     0     0]
 [   17     4     0     0     0     0     0     0     0     0     1     0
      0     0     0     0     0     0     7     0   657     7     0     0
      0    70     0     0]
 [   15     5     0     0     0     0     0     0     0     0     0     0
      0     0     0     3     0     0     2     0   644     2     0     0
      0     2     0     0]] 

 Classification Report 
 
                precision    recall  f1-score   support

    admiration       0.33      0.24      0.27      2034
     amusement       0.54      0.34      0.42      1215
         anger       0.00      0.00      0.00      1039
     annoyance       0.25      0.00      0.00      1640
      approval       0.00      0.00      0.00      2268
        caring       0.29      0.00      0.01       729
     confusion       0.00      0.00      0.00       988
     curiosity       0.00      0.00      0.00      1255
        desire       0.00      0.00      0.00       401
disappointment       0.00      0.00      0.00       905
   disapproval       0.00      0.00      0.00      1567
       disgust       0.00      0.00      0.00       544
 embarrassment       0.00      0.00      0.00       288
    excitement       0.00      0.00      0.00       593
          fear       0.00      0.00      0.00       380
     gratitude       0.87      0.73      0.80      1447
         grief       0.00      0.00      0.00        74
           joy       0.00      0.00      0.00       906
          love       0.54      0.59      0.57       933
   nervousness       0.00      0.00      0.00       162
       neutral       0.36      0.94      0.52     11061
      optimism       0.49      0.20      0.29       913
         pride       0.00      0.00      0.00       149
   realization       0.00      0.00      0.00       949
        relief       0.00      0.00      0.00       175
       remorse       0.41      0.51      0.46       313
       sadness       0.00      0.00      0.00       763
      surprise       0.00      0.00      0.00       673

      accuracy                           0.39     34364
     macro avg       0.15      0.13      0.12     34364
  weighted avg       0.24      0.39      0.26     34364
 
Sentiment 
Confusion Matrix 
 
[[    8    20  3697   140]
 [    1   302  7017   355]
 [    3    45 10435   578]
 [    6    81  8305  3371]] 

 Classification Report 
 
              precision    recall  f1-score   support

   ambiguous       0.44      0.00      0.00      3865
    negative       0.67      0.04      0.07      7675
     neutral       0.35      0.94      0.52     11061
    positive       0.76      0.29      0.42     11763

    accuracy                           0.41     34364
   macro avg       0.56      0.32      0.25     34364
weighted avg       0.57      0.41      0.33     34364
 
Top MLPEmotionConfusion Matrix 
 
[[1027   29    6    1    9    0    1    5    5    0    3    4    0    0
     1   49    0   38   85    0  710   18    0    0    0    0    6   37]
 [  38  720    7    1    0    0    0    1    0    0    2    0    0    0
     0    4    0   20    6    0  394    5    0    0    0    1    3   13]
 [   8   12  254   29    2    1    1    5    1    3   17   20    0    0
     0    6    0    2    1    0  650    6    0    0    0    4   10    7]
 [  17   50  136   36   11    3    3   10    2    4   29   31    0    1
     2   16    0    4    8    0 1227    9    0    2    0    3   17   19]
 [ 131   29   11    5  110    6    4    8    3    4   17    6    0    1
     2   17    0   21   36    0 1814   23    0    3    0    4    6    7]
 [  17    5    5    3    3   30    0    2    2    0    5    1    0    0
     1   24    0   11   14    0  546   34    0    0    0   12   12    2]
 [  14   14   10    2    8    1   41   29    1    0   17    2    0    0
     0    2    0    5    9    0  822    1    0    0    0    2    2    6]
 [  25   13   14    0    5    3    5  140    0    0    4    0    0    0
     0    6    0    5    6    0  994    6    0    0    0    5    2   22]
 [  15    8    0    0    1    2    0    2   67    0    1    1    0    0
     0    5    0    7    5    0  261   26    0    0    0    0    0    0]
 [  15   15   25    7    7    3    6    0    6   19    9   12    0    0
     2    5    0    5    5    0  679   12    0    4    0   13   51    5]
 [  29   29   36   10   12    2    6    4    2    6   75   12    0    0
     0    8    0    2    8    0 1296    5    0    1    0    3   10   11]
 [   5    6   38   12    3    0    0    0    0    4   12   99    0    0
     2    2    0    0    3    0  345    3    0    1    0    1    5    3]
 [   4    6    6    5    2    0    2    2    0    2    9   10    3    0
     0    0    0    0    3    0  199    6    0    2    0    8   16    3]
 [  74   20    9    0    5    0    2    5    1    0    3    1    0   15
     0   16    0   51   19    0  326   10    0    0    0    1    1   34]
 [   5    9    7    2    0    1    7    5    0    1   10   15    0    0
    39    1    0    0    1    0  248    9    0    0    0    2    9    9]
 [  80   11    3    1    2    1    0    1    3    0    0    1    0    0
     0 1136    0   46    7    0  112   15    0    0    0   27    1    0]
 [   0    0    1    0    0    0    0    0    0    0    2    0    0    0
     0    2    0    1    1    0   53    2    0    0    0    5    7    0]
 [  85  108    3    0    4    2    1    0    1    0    0    2    0    0
     0   29    0  216   52    0  380    6    0    1    0    1    5   10]
 [  64    9    0    0    4    1    1    5    1    1    1    1    0    0
     1    4    0    9  557    0  266    3    0    0    0    3    1    1]
 [   0    0    4    2    2    3    0    1    0    1    4    2    0    0
     4    0    0    0    1    0  123    2    0    0    0    0   12    1]
 [ 284  212  139   24   46   18   39   71   31   10   89   49    1    0
     6   84    0   66  115    0 9516   90    0    9    0   28   62   72]
 [  46    5    2    1    6    7    1    1   19    1    5    0    0    1
     0   24    0   12   16    0  511  247    0    1    0    2    0    5]
 [  24    2    2    0    0    1    0    0    0    0    1    0    0    0
     0    6    0    7    0    0  102    3    0    0    0    0    1    0]
 [  25   17    7    2    6    1    5    3    1    1   17    5    0    0
     2    4    0    7    5    0  769    7    0   20    0    8   12   25]
 [  15    3    2    1    1    3    0    0    0    0    1    0    0    0
     0   15    0   23    0    0  103    3    0    0    0    0    5    0]
 [   2    7    1    0    1    2    2    1    4    0    2    0    0    0
     0    3    0    1    1    0  121    4    0    1    0  138   21    1]
 [   4   10    7    2    6    1    0    0    2    5    5   11    1    0
     3    3    0    5    6    0  467    9    0    0    0   55  156    5]
 [  34   10   10    6    2    0    2   12    2    1    3    2    0    1
     0    3    0    4    3    0  387    3    0    2    0    1    2  183]] 

 Classification Report 
 
                precision    recall  f1-score   support

    admiration       0.49      0.50      0.50      2034
     amusement       0.53      0.59      0.56      1215
         anger       0.34      0.24      0.28      1039
     annoyance       0.24      0.02      0.04      1640
      approval       0.43      0.05      0.09      2268
        caring       0.33      0.04      0.07       729
     confusion       0.32      0.04      0.07       988
     curiosity       0.45      0.11      0.18      1255
        desire       0.44      0.17      0.24       401
disappointment       0.30      0.02      0.04       905
   disapproval       0.22      0.05      0.08      1567
       disgust       0.34      0.18      0.24       544
 embarrassment       0.60      0.01      0.02       288
    excitement       0.79      0.03      0.05       593
          fear       0.60      0.10      0.18       380
     gratitude       0.77      0.79      0.78      1447
         grief       0.00      0.00      0.00        74
           joy       0.38      0.24      0.29       906
          love       0.57      0.60      0.58       933
   nervousness       0.00      0.00      0.00       162
       neutral       0.41      0.86      0.55     11061
      optimism       0.44      0.27      0.33       913
         pride       0.00      0.00      0.00       149
   realization       0.43      0.02      0.04       949
        relief       0.00      0.00      0.00       175
       remorse       0.42      0.44      0.43       313
       sadness       0.36      0.20      0.26       763
      surprise       0.38      0.27      0.32       673

      accuracy                           0.43     34364
     macro avg       0.38      0.21      0.22     34364
  weighted avg       0.42      0.43      0.35     34364
 
SentimentConfusion Matrix 
 
[[ 762  622 1935  546]
 [ 171 4235 2445  824]
 [ 375 1902 6763 2021]
 [ 188  980 2883 7712]] 

 Classification Report 
 
              precision    recall  f1-score   support

   ambiguous       0.51      0.20      0.28      3865
    negative       0.55      0.55      0.55      7675
     neutral       0.48      0.61      0.54     11061
    positive       0.69      0.66      0.67     11763

    accuracy                           0.57     34364
   macro avg       0.56      0.50      0.51     34364
weighted avg       0.57      0.57      0.56     34364
 

 =====3.7===== 
Base MLP
Emotion

 Classification Report 

                precision    recall  f1-score   support

    admiration       0.03      0.00      0.00      2034
     amusement       0.00      0.00      0.00      1215
         anger       0.02      0.00      0.00      1039
     annoyance       0.06      0.00      0.00      1640
      approval       0.06      0.01      0.01      2268
        caring       0.00      0.00      0.00       729
     confusion       0.00      0.00      0.00       988
     curiosity       0.03      0.00      0.00      1255
        desire       0.00      0.00      0.00       401
disappointment       0.00      0.00      0.00       905
   disapproval       0.07      0.00      0.00      1567
       disgust       0.00      0.00      0.00       544
 embarrassment       0.00      0.00      0.00       288
    excitement       0.04      0.00      0.00       593
          fear       0.00      0.00      0.00       380
     gratitude       0.07      0.00      0.01      1447
         grief       0.00      0.00      0.00        74
           joy       0.00      0.00      0.00       906
          love       0.06      0.00      0.00       933
   nervousness       0.00      0.00      0.00       162
       neutral       0.32      0.98      0.48     11061
      optimism       0.05      0.00      0.00       913
         pride       0.00      0.00      0.00       149
   realization       0.00      0.00      0.00       949
        relief       0.00      0.00      0.00       175
       remorse       0.00      0.00      0.00       313
       sadness       0.07      0.00      0.01       763
      surprise       0.00      0.00      0.00       673

      accuracy                           0.32     34364
     macro avg       0.03      0.04      0.02     34364
  weighted avg       0.13      0.32      0.16     34364

Sentiment

 Classification Report 

              precision    recall  f1-score   support

   ambiguous       0.13      0.02      0.03      3865
    negative       0.23      0.12      0.16      7675
     neutral       0.33      0.40      0.36     11061
    positive       0.35      0.48      0.40     11763

    accuracy                           0.32     34364
   macro avg       0.26      0.25      0.24     34364
weighted avg       0.29      0.32      0.29     34364

Top MLP
Emotion

 Classification Report 

                precision    recall  f1-score   support

    admiration       0.00      0.00      0.00      2034
     amusement       0.00      0.00      0.00      1215
         anger       0.00      0.00      0.00      1039
     annoyance       0.00      0.00      0.00      1640
      approval       0.00      0.00      0.00      2268
        caring       0.00      0.00      0.00       729
     confusion       0.00      0.00      0.00       988
     curiosity       0.00      0.00      0.00      1255
        desire       0.00      0.00      0.00       401
disappointment       0.00      0.00      0.00       905
   disapproval       0.00      0.00      0.00      1567
       disgust       0.00      0.00      0.00       544
 embarrassment       0.00      0.00      0.00       288
    excitement       0.00      0.00      0.00       593
          fear       0.00      0.00      0.00       380
     gratitude       0.00      0.00      0.00      1447
         grief       0.00      0.00      0.00        74
           joy       0.00      0.00      0.00       906
          love       0.00      0.00      0.00       933
   nervousness       0.00      0.00      0.00       162
       neutral       0.32      1.00      0.49     11061
      optimism       0.00      0.00      0.00       913
         pride       0.00      0.00      0.00       149
   realization       0.00      0.00      0.00       949
        relief       0.00      0.00      0.00       175
       remorse       0.00      0.00      0.00       313
       sadness       0.00      0.00      0.00       763
      surprise       0.00      0.00      0.00       673

      accuracy                           0.32     34364
     macro avg       0.01      0.04      0.02     34364
  weighted avg       0.10      0.32      0.16     34364

Sentiment

 Classification Report 

              precision    recall  f1-score   support

   ambiguous       0.00      0.00      0.00      3865
    negative       0.00      0.00      0.00      7675
     neutral       0.00      0.00      0.00     11061
    positive       0.34      1.00      0.51     11763

    accuracy                           0.34     34364
   macro avg       0.09      0.25      0.13     34364
weighted avg       0.12      0.34      0.17     34364

